65.87660256410257
56.811965811965806
60.89797008547009
57.50213675213676
59.1965811965812
56.99252136752136
60.065705128205124
60.01869658119658
57.34508547008547
55.250534188034194
54.2590811965812
65.99786324786325
57.35042735042735
57.70138888888889
61.37072649572649
58.676816239316246
65.11538461538461
61.80769230769231
54.26068376068376
59.603632478632484
58.05876068376068
65.99786324786325
57.9508547008547
58.521367521367516
58.16346153846153
56.775106837606835
59.28792735042735
57.528311965811966
64.27777777777777
57.78952991452991
