78.00694444444444
60.12019230769231
70.56570512820512
65.2905982905983
61.6650641025641
65.94123931623932
67.58707264957265
68.90758547008548
65.7451923076923
59.558760683760696
59.47275641025641
85.55288461538463
60.97916666666667
64.02029914529915
70.5673076923077
66.68589743589743
74.28685897435898
72.02243589743588
61.52938034188035
64.25747863247864
75.08814102564102
85.71153846153847
63.480769230769226
69.1207264957265
66.03525641025641
62.99145299145299
67.65651709401709
65.35630341880342
80.19337606837607
60.565170940170944
