68.16292735042734
58.77403846153847
64.85737179487178
61.19123931623932
60.266025641025635
60.56089743589744
62.60202991452991
64.37393162393163
61.43376068376068
57.76976495726497
57.30448717948717
70.51655982905983
59.50854700854702
59.72809829059829
63.225427350427346
61.61431623931624
67.3076923076923
65.16399572649573
59.74786324786326
62.01014957264958
62.10202991452992
70.51655982905983
61.9375
62.6832264957265
62.121260683760696
60.868589743589745
61.67040598290598
61.068376068376075
68.09722222222223
59.32852564102565
